2763.000000 2.000000 1292.000000 0.000000 -0.410844 0.000000 -0.911706 1.000000 1.000000 1.000000
2834.000000 2.000000 996.000000 0.000000 -0.410844 0.000000 -0.911706 1.000000 1.000000 1.000000
2814.000000 2.000000 951.000000 0.000000 -0.410844 0.000000 -0.911706 1.000000 1.000000 1.000000
2780.000000 2.000000 938.000000 0.000000 -0.410844 0.000000 -0.911706 1.000000 1.000000 1.000000
2731.000000 2.000000 885.000000 0.000000 -0.410844 0.000000 -0.911706 1.000000 1.000000 1.000000
2716.000000 2.000000 787.000000 0.000000 -0.410844 0.000000 -0.911706 1.000000 1.000000 1.000000
2784.000000 2.000000 755.000000 0.000000 -0.410844 0.000000 -0.911706 1.000000 1.000000 1.000000
2878.000000 2.000000 788.000000 0.000000 -0.410844 0.000000 -0.911706 1.000000 1.000000 1.000000
2898.000000 2.000000 722.000000 0.000000 -0.410844 0.000000 -0.911706 1.000000 1.000000 1.000000
2833.000000 2.000000 608.000000 0.000000 -0.410844 0.000000 -0.911706 1.000000 1.000000 1.000000
2856.000000 2.000000 472.000000 0.000000 -0.410844 0.000000 -0.911706 1.000000 1.000000 1.000000
2871.000000 2.000000 605.000000 0.000000 -0.410844 0.000000 -0.911706 1.000000 1.000000 1.000000
2903.000000 2.000000 530.000000 0.000000 -0.410844 0.000000 -0.911706 1.000000 1.000000 1.000000
2996.000000 2.000000 391.000000 0.000000 -0.410844 0.000000 -0.911706 1.000000 1.000000 1.000000
2930.000000 2.000000 713.000000 0.000000 -0.410844 0.000000 -0.911706 1.000000 1.000000 1.000000
3025.000000 2.000000 555.000000 0.000000 -0.410844 0.000000 -0.911706 1.000000 1.000000 1.000000
758.000000 2.000000 1760.000000 0.000000 -0.410844 0.000000 -0.911706 1.000000 1.000000 1.000000
655.000000 2.000000 1845.000000 0.000000 -0.410844 0.000000 -0.911706 1.000000 1.000000 1.000000
451.000000 2.000000 1839.000000 0.000000 -0.410844 0.000000 -0.911706 1.000000 1.000000 1.000000
544.000000 2.000000 1890.000000 0.000000 -0.410844 0.000000 -0.911706 1.000000 1.000000 1.000000
639.000000 2.000000 1896.000000 0.000000 -0.410844 0.000000 -0.911706 1.000000 1.000000 1.000000
738.000000 2.000000 1899.000000 0.000000 -0.410844 0.000000 -0.911706 1.000000 1.000000 1.000000
512.000000 2.000000 1996.000000 0.000000 -0.410844 0.000000 -0.911706 1.000000 1.000000 1.000000
589.000000 2.000000 2012.000000 0.000000 -0.410844 0.000000 -0.911706 1.000000 1.000000 1.000000
677.000000 2.000000 2021.000000 0.000000 -0.410844 0.000000 -0.911706 1.000000 1.000000 1.000000
980.000000 2.000000 1951.000000 0.000000 -0.410844 0.000000 -0.911706 1.000000 1.000000 1.000000
884.000000 2.000000 2024.000000 0.000000 -0.410844 0.000000 -0.911706 1.000000 1.000000 1.000000
838.000000 2.000000 2063.000000 0.000000 -0.410844 0.000000 -0.911706 1.000000 1.000000 1.000000
974.000000 2.000000 1996.000000 0.000000 -0.410844 0.000000 -0.911706 1.000000 1.000000 1.000000
916.000000 2.000000 2261.000000 0.000000 -0.410844 0.000000 -0.911706 1.000000 1.000000 1.000000
1008.000000 2.000000 2477.000000 0.000000 -0.410844 0.000000 -0.911706 1.000000 1.000000 1.000000
1014.000000 2.000000 2470.000000 0.000000 -0.410844 0.000000 -0.911706 1.000000 1.000000 1.000000
1062.000000 2.000000 2475.000000 0.000000 -0.410844 0.000000 -0.911706 1.000000 1.000000 1.000000
1122.000000 2.000000 2394.000000 0.000000 -0.410844 0.000000 -0.911706 1.000000 1.000000 1.000000
957.000000 2.000000 2426.000000 0.000000 -0.410844 0.000000 -0.911706 1.000000 1.000000 1.000000
968.000000 2.000000 2366.000000 0.000000 -0.410844 0.000000 -0.911706 1.000000 1.000000 1.000000
1087.000000 2.000000 2531.000000 0.000000 -0.410844 0.000000 -0.911706 1.000000 1.000000 1.000000
1130.000000 2.000000 2532.000000 0.000000 -0.410844 0.000000 -0.911706 1.000000 1.000000 1.000000
1116.000000 2.000000 2493.000000 0.000000 -0.410844 0.000000 -0.911706 1.000000 1.000000 1.000000
1099.000000 2.000000 2570.000000 0.000000 -0.410844 0.000000 -0.911706 1.000000 1.000000 1.000000
1161.000000 2.000000 2573.000000 0.000000 -0.410844 0.000000 -0.911706 1.000000 1.000000 1.000000
1203.000000 2.000000 2539.000000 0.000000 -0.410844 0.000000 -0.911706 1.000000 1.000000 1.000000
1064.000000 2.000000 2588.000000 0.000000 -0.410844 0.000000 -0.911706 1.000000 1.000000 1.000000
1110.000000 2.000000 2621.000000 0.000000 -0.410844 0.000000 -0.911706 1.000000 1.000000 1.000000
1112.000000 2.000000 2607.000000 0.000000 -0.410844 0.000000 -0.911706 1.000000 1.000000 1.000000
1193.000000 2.000000 2608.000000 0.000000 -0.410844 0.000000 -0.911706 1.000000 1.000000 1.000000
1194.000000 2.000000 2752.000000 0.000000 -0.410844 0.000000 -0.911706 1.000000 1.000000 1.000000
1136.000000 2.000000 2698.000000 0.000000 -0.410844 0.000000 -0.911706 1.000000 1.000000 1.000000
1226.000000 2.000000 2309.000000 0.000000 -0.410844 0.000000 -0.911706 1.000000 1.000000 1.000000
1208.000000 2.000000 2315.000000 0.000000 -0.410844 0.000000 -0.911706 1.000000 1.000000 1.000000
1209.000000 2.000000 2361.000000 0.000000 -0.410844 0.000000 -0.911706 1.000000 1.000000 1.000000
1228.000000 2.000000 2153.000000 0.000000 -0.410844 0.000000 -0.911706 1.000000 1.000000 1.000000
1443.000000 2.000000 2237.000000 0.000000 -0.410844 0.000000 -0.911706 1.000000 1.000000 1.000000
1397.000000 2.000000 2250.000000 0.000000 -0.410844 0.000000 -0.911706 1.000000 1.000000 1.000000
893.000000 2.000000 2793.000000 0.000000 -0.410844 0.000000 -0.911706 1.000000 1.000000 1.000000
833.000000 2.000000 2826.000000 0.000000 -0.410844 0.000000 -0.911706 1.000000 1.000000 1.000000
837.000000 2.000000 2855.000000 0.000000 -0.410844 0.000000 -0.911706 1.000000 1.000000 1.000000
815.000000 2.000000 2894.000000 0.000000 -0.410844 0.000000 -0.911706 1.000000 1.000000 1.000000
861.000000 2.000000 2848.000000 0.000000 -0.410844 0.000000 -0.911706 1.000000 1.000000 1.000000
928.000000 2.000000 2950.000000 0.000000 -0.410844 0.000000 -0.911706 1.000000 1.000000 1.000000
904.000000 2.000000 2907.000000 0.000000 -0.410844 0.000000 -0.911706 1.000000 1.000000 1.000000
482.000000 2.000000 2914.000000 0.000000 -0.410844 0.000000 -0.911706 1.000000 1.000000 1.000000
535.000000 2.000000 2950.000000 0.000000 -0.410844 0.000000 -0.911706 1.000000 1.000000 1.000000
1362.000000 2.000000 2680.000000 0.000000 -0.410844 0.000000 -0.911706 1.000000 1.000000 1.000000
1380.000000 2.000000 2646.000000 0.000000 -0.410844 0.000000 -0.911706 1.000000 1.000000 1.000000
1410.000000 2.000000 2574.000000 0.000000 -0.410844 0.000000 -0.911706 1.000000 1.000000 1.000000
1368.000000 2.000000 2494.000000 0.000000 -0.410844 0.000000 -0.911706 1.000000 1.000000 1.000000
1427.000000 2.000000 2650.000000 0.000000 -0.410844 0.000000 -0.911706 1.000000 1.000000 1.000000
1472.000000 2.000000 2620.000000 0.000000 -0.410844 0.000000 -0.911706 1.000000 1.000000 1.000000
1346.000000 2.000000 2653.000000 0.000000 -0.410844 0.000000 -0.911706 1.000000 1.000000 1.000000
1294.000000 2.000000 2598.000000 0.000000 -0.410844 0.000000 -0.911706 1.000000 1.000000 1.000000
1282.000000 2.000000 2531.000000 0.000000 -0.410844 0.000000 -0.911706 1.000000 1.000000 1.000000
1297.000000 2.000000 2805.000000 0.000000 -0.410844 0.000000 -0.911706 1.000000 1.000000 1.000000
1302.000000 2.000000 2830.000000 0.000000 -0.410844 0.000000 -0.911706 1.000000 1.000000 1.000000
1283.000000 2.000000 2783.000000 0.000000 -0.410844 0.000000 -0.911706 1.000000 1.000000 1.000000
1281.000000 2.000000 2741.000000 0.000000 -0.410844 0.000000 -0.911706 1.000000 1.000000 1.000000
1238.000000 2.000000 2691.000000 0.000000 -0.410844 0.000000 -0.911706 1.000000 1.000000 1.000000
1206.000000 2.000000 2631.000000 0.000000 -0.410844 0.000000 -0.911706 1.000000 1.000000 1.000000
1239.000000 2.000000 2578.000000 0.000000 -0.410844 0.000000 -0.911706 1.000000 1.000000 1.000000
1375.000000 2.000000 2888.000000 0.000000 -0.410844 0.000000 -0.911706 1.000000 1.000000 1.000000
1374.000000 2.000000 2826.000000 0.000000 -0.410844 0.000000 -0.911706 1.000000 1.000000 1.000000
1438.000000 2.000000 2893.000000 0.000000 -0.410844 0.000000 -0.911706 1.000000 1.000000 1.000000
1452.000000 2.000000 2822.000000 0.000000 -0.410844 0.000000 -0.911706 1.000000 1.000000 1.000000
1481.000000 2.000000 2792.000000 0.000000 -0.410844 0.000000 -0.911706 1.000000 1.000000 1.000000
1620.000000 2.000000 2782.000000 0.000000 -0.410844 0.000000 -0.911706 1.000000 1.000000 1.000000
1687.000000 2.000000 2725.000000 0.000000 -0.410844 0.000000 -0.911706 1.000000 1.000000 1.000000
1599.000000 2.000000 2786.000000 0.000000 -0.410844 0.000000 -0.911706 1.000000 1.000000 1.000000
1605.000000 2.000000 2750.000000 0.000000 -0.410844 0.000000 -0.911706 1.000000 1.000000 1.000000
1587.000000 2.000000 2709.000000 0.000000 -0.410844 0.000000 -0.911706 1.000000 1.000000 1.000000
1628.000000 2.000000 2843.000000 0.000000 -0.410844 0.000000 -0.911706 1.000000 1.000000 1.000000
1737.000000 2.000000 2888.000000 0.000000 -0.410844 0.000000 -0.911706 1.000000 1.000000 1.000000
1744.000000 2.000000 2817.000000 0.000000 -0.410844 0.000000 -0.911706 1.000000 1.000000 1.000000
1780.000000 2.000000 2790.000000 0.000000 -0.410844 0.000000 -0.911706 1.000000 1.000000 1.000000
1850.000000 2.000000 2727.000000 0.000000 -0.410844 0.000000 -0.911706 1.000000 1.000000 1.000000
1922.000000 2.000000 2684.000000 0.000000 -0.410844 0.000000 -0.911706 1.000000 1.000000 1.000000
1791.000000 2.000000 2845.000000 0.000000 -0.410844 0.000000 -0.911706 1.000000 1.000000 1.000000
2121.000000 2.000000 2737.000000 0.000000 -0.410844 0.000000 -0.911706 1.000000 1.000000 1.000000
2107.000000 2.000000 2664.000000 0.000000 -0.410844 0.000000 -0.911706 1.000000 1.000000 1.000000
2021.000000 2.000000 2623.000000 0.000000 -0.410844 0.000000 -0.911706 1.000000 1.000000 1.000000
2202.000000 2.000000 2777.000000 0.000000 -0.410844 0.000000 -0.911706 1.000000 1.000000 1.000000
2085.000000 2.000000 3016.000000 0.000000 -0.410844 0.000000 -0.911706 1.000000 1.000000 1.000000
2203.000000 2.000000 2939.000000 0.000000 -0.410844 0.000000 -0.911706 1.000000 1.000000 1.000000
2215.000000 2.000000 2894.000000 0.000000 -0.410844 0.000000 -0.911706 1.000000 1.000000 1.000000
2401.000000 2.000000 3657.000000 0.000000 -0.410844 0.000000 -0.911706 1.000000 1.000000 1.000000
2841.000000 2.000000 3443.000000 0.000000 -0.410844 0.000000 -0.911706 1.000000 1.000000 1.000000
2743.000000 2.000000 3360.000000 0.000000 -0.410844 0.000000 -0.911706 1.000000 1.000000 1.000000
2667.000000 2.000000 3330.000000 0.000000 -0.410844 0.000000 -0.911706 1.000000 1.000000 1.000000
2664.000000 2.000000 2413.000000 0.000000 -0.410844 0.000000 -0.911706 1.000000 1.000000 1.000000
2554.000000 2.000000 2486.000000 0.000000 -0.410844 0.000000 -0.911706 1.000000 1.000000 1.000000
2468.000000 2.000000 2546.000000 0.000000 -0.410844 0.000000 -0.911706 1.000000 1.000000 1.000000
2263.000000 2.000000 3294.000000 0.000000 -0.410844 0.000000 -0.911706 1.000000 1.000000 1.000000
2303.000000 2.000000 3179.000000 0.000000 -0.410844 0.000000 -0.911706 1.000000 1.000000 1.000000
1630.000000 2.000000 3227.000000 0.000000 -0.410844 0.000000 -0.911706 1.000000 1.000000 1.000000
1703.000000 2.000000 3333.000000 0.000000 -0.410844 0.000000 -0.911706 1.000000 1.000000 1.000000
1832.000000 2.000000 3258.000000 0.000000 -0.410844 0.000000 -0.911706 1.000000 1.000000 1.000000
1771.000000 2.000000 3268.000000 0.000000 -0.410844 0.000000 -0.911706 1.000000 1.000000 1.000000
1874.000000 2.000000 2477.000000 0.000000 -0.410844 0.000000 -0.911706 1.000000 1.000000 1.000000
1738.000000 2.000000 2489.000000 0.000000 -0.410844 0.000000 -0.911706 1.000000 1.000000 1.000000
1682.000000 2.000000 2517.000000 0.000000 -0.410844 0.000000 -0.911706 1.000000 1.000000 1.000000
1638.000000 2.000000 2544.000000 0.000000 -0.410844 0.000000 -0.911706 1.000000 1.000000 1.000000
1583.000000 2.000000 2531.000000 0.000000 -0.410844 0.000000 -0.911706 1.000000 1.000000 1.000000
1510.000000 2.000000 2508.000000 0.000000 -0.410844 0.000000 -0.911706 1.000000 1.000000 1.000000
1990.000000 2.000000 2348.000000 0.000000 -0.410844 0.000000 -0.911706 1.000000 1.000000 1.000000
1944.000000 2.000000 2379.000000 0.000000 -0.410844 0.000000 -0.911706 1.000000 1.000000 1.000000
1995.000000 2.000000 2276.000000 0.000000 -0.410844 0.000000 -0.911706 1.000000 1.000000 1.000000
1905.000000 2.000000 2321.000000 0.000000 -0.410844 0.000000 -0.911706 1.000000 1.000000 1.000000
1846.000000 2.000000 2358.000000 0.000000 -0.410844 0.000000 -0.911706 1.000000 1.000000 1.000000
2083.000000 2.000000 2268.000000 0.000000 -0.410844 0.000000 -0.911706 1.000000 1.000000 1.000000
2077.000000 2.000000 2341.000000 0.000000 -0.410844 0.000000 -0.911706 1.000000 1.000000 1.000000
2081.000000 2.000000 2414.000000 0.000000 -0.410844 0.000000 -0.911706 1.000000 1.000000 1.000000
2116.000000 2.000000 2380.000000 0.000000 -0.410844 0.000000 -0.911706 1.000000 1.000000 1.000000
2104.000000 2.000000 2319.000000 0.000000 -0.410844 0.000000 -0.911706 1.000000 1.000000 1.000000
2095.000000 2.000000 2210.000000 0.000000 -0.410844 0.000000 -0.911706 1.000000 1.000000 1.000000
2014.000000 2.000000 2221.000000 0.000000 -0.410844 0.000000 -0.911706 1.000000 1.000000 1.000000
1922.000000 2.000000 2242.000000 0.000000 -0.410844 0.000000 -0.911706 1.000000 1.000000 1.000000
1853.000000 2.000000 2289.000000 0.000000 -0.410844 0.000000 -0.911706 1.000000 1.000000 1.000000
2297.000000 2.000000 2174.000000 0.000000 -0.410844 0.000000 -0.911706 1.000000 1.000000 1.000000
2341.000000 2.000000 2159.000000 0.000000 -0.410844 0.000000 -0.911706 1.000000 1.000000 1.000000
2415.000000 2.000000 2191.000000 0.000000 -0.410844 0.000000 -0.911706 1.000000 1.000000 1.000000
2469.000000 2.000000 2217.000000 0.000000 -0.410844 0.000000 -0.911706 1.000000 1.000000 1.000000
2489.000000 2.000000 2281.000000 0.000000 -0.410844 0.000000 -0.911706 1.000000 1.000000 1.000000
2502.000000 2.000000 2307.000000 0.000000 -0.410844 0.000000 -0.911706 1.000000 1.000000 1.000000
3388.000000 2.000000 1566.000000 0.000000 -0.410844 0.000000 -0.911706 1.000000 1.000000 1.000000
3360.000000 2.000000 1607.000000 0.000000 -0.410844 0.000000 -0.911706 1.000000 1.000000 1.000000
3343.000000 2.000000 1647.000000 0.000000 -0.410844 0.000000 -0.911706 1.000000 1.000000 1.000000
3314.000000 2.000000 1723.000000 0.000000 -0.410844 0.000000 -0.911706 1.000000 1.000000 1.000000
3256.000000 2.000000 1787.000000 0.000000 -0.410844 0.000000 -0.911706 1.000000 1.000000 1.000000
3401.000000 2.000000 1575.000000 0.000000 -0.410844 0.000000 -0.911706 1.000000 1.000000 1.000000
3424.000000 2.000000 1615.000000 0.000000 -0.410844 0.000000 -0.911706 1.000000 1.000000 1.000000
3447.000000 2.000000 1440.000000 0.000000 -0.410844 0.000000 -0.911706 1.000000 1.000000 1.000000
3396.000000 2.000000 1479.000000 0.000000 -0.410844 0.000000 -0.911706 1.000000 1.000000 1.000000
3320.000000 2.000000 1561.000000 0.000000 -0.410844 0.000000 -0.911706 1.000000 1.000000 1.000000
3209.000000 2.000000 1616.000000 0.000000 -0.410844 0.000000 -0.911706 1.000000 1.000000 1.000000
3142.000000 2.000000 1662.000000 0.000000 -0.410844 0.000000 -0.911706 1.000000 1.000000 1.000000
3093.000000 2.000000 1699.000000 0.000000 -0.410844 0.000000 -0.911706 1.000000 1.000000 1.000000
3215.000000 2.000000 1661.000000 0.000000 -0.410844 0.000000 -0.911706 1.000000 1.000000 1.000000
3580.000000 2.000000 1418.000000 0.000000 -0.410844 0.000000 -0.911706 1.000000 1.000000 1.000000
3589.000000 2.000000 1457.000000 0.000000 -0.410844 0.000000 -0.911706 1.000000 1.000000 1.000000
3587.000000 2.000000 1515.000000 0.000000 -0.410844 0.000000 -0.911706 1.000000 1.000000 1.000000
3567.000000 2.000000 1954.000000 0.000000 -0.410844 0.000000 -0.911706 1.000000 1.000000 1.000000
3492.000000 2.000000 1987.000000 0.000000 -0.410844 0.000000 -0.911706 1.000000 1.000000 1.000000
3400.000000 2.000000 2035.000000 0.000000 -0.410844 0.000000 -0.911706 1.000000 1.000000 1.000000
3518.000000 2.000000 1950.000000 0.000000 -0.410844 0.000000 -0.911706 1.000000 1.000000 1.000000
3617.000000 2.000000 2495.000000 0.000000 -0.410844 0.000000 -0.911706 1.000000 1.000000 1.000000
3562.000000 2.000000 2687.000000 0.000000 -0.410844 0.000000 -0.911706 1.000000 1.000000 1.000000
3685.000000 2.000000 2776.000000 0.000000 -0.410844 0.000000 -0.911706 1.000000 1.000000 1.000000
3783.000000 2.000000 1965.000000 0.000000 -0.410844 0.000000 -0.911706 1.000000 1.000000 1.000000
3911.000000 2.000000 2017.000000 0.000000 -0.410844 0.000000 -0.911706 1.000000 1.000000 1.000000
3996.000000 2.000000 2246.000000 0.000000 -0.410844 0.000000 -0.911706 1.000000 1.000000 1.000000
4066.000000 2.000000 2149.000000 0.000000 -0.410844 0.000000 -0.911706 1.000000 1.000000 1.000000
4131.000000 2.000000 2108.000000 0.000000 -0.410844 0.000000 -0.911706 1.000000 1.000000 1.000000
4197.000000 2.000000 2016.000000 0.000000 -0.410844 0.000000 -0.911706 1.000000 1.000000 1.000000
4319.000000 2.000000 1929.000000 0.000000 -0.410844 0.000000 -0.911706 1.000000 1.000000 1.000000
4406.000000 2.000000 1905.000000 0.000000 -0.410844 0.000000 -0.911706 1.000000 1.000000 1.000000
3990.000000 2.000000 2159.000000 0.000000 -0.410844 0.000000 -0.911706 1.000000 1.000000 1.000000
4102.000000 2.000000 2390.000000 0.000000 -0.410844 0.000000 -0.911706 1.000000 1.000000 1.000000
4206.000000 2.000000 2390.000000 0.000000 -0.410844 0.000000 -0.911706 1.000000 1.000000 1.000000
4344.000000 2.000000 2299.000000 0.000000 -0.410844 0.000000 -0.911706 1.000000 1.000000 1.000000
4433.000000 2.000000 2210.000000 0.000000 -0.410844 0.000000 -0.911706 1.000000 1.000000 1.000000
4485.000000 2.000000 2108.000000 0.000000 -0.410844 0.000000 -0.911706 1.000000 1.000000 1.000000
4662.000000 2.000000 1683.000000 0.000000 -0.410844 0.000000 -0.911706 1.000000 1.000000 1.000000
4669.000000 2.000000 1505.000000 0.000000 -0.410844 0.000000 -0.911706 1.000000 1.000000 1.000000
4741.000000 2.000000 1629.000000 0.000000 -0.410844 0.000000 -0.911706 1.000000 1.000000 1.000000
4798.000000 2.000000 1133.000000 0.000000 -0.410844 0.000000 -0.911706 1.000000 1.000000 1.000000
4822.000000 2.000000 1111.000000 0.000000 -0.410844 0.000000 -0.911706 1.000000 1.000000 1.000000
4846.000000 2.000000 1165.000000 0.000000 -0.410844 0.000000 -0.911706 1.000000 1.000000 1.000000
4817.000000 2.000000 1076.000000 0.000000 -0.410844 0.000000 -0.911706 1.000000 1.000000 1.000000
4933.000000 2.000000 1117.000000 0.000000 -0.410844 0.000000 -0.911706 1.000000 1.000000 1.000000
5032.000000 2.000000 1157.000000 0.000000 -0.410844 0.000000 -0.911706 1.000000 1.000000 1.000000
5113.000000 2.000000 1194.000000 0.000000 -0.410844 0.000000 -0.911706 1.000000 1.000000 1.000000
5001.000000 2.000000 1088.000000 0.000000 -0.410844 0.000000 -0.911706 1.000000 1.000000 1.000000
5236.000000 2.000000 576.000000 0.000000 -0.410844 0.000000 -0.911706 1.000000 1.000000 1.000000
5259.000000 2.000000 620.000000 0.000000 -0.410844 0.000000 -0.911706 1.000000 1.000000 1.000000
5239.000000 2.000000 727.000000 0.000000 -0.410844 0.000000 -0.911706 1.000000 1.000000 1.000000
5122.000000 2.000000 740.000000 0.000000 -0.410844 0.000000 -0.911706 1.000000 1.000000 1.000000
5280.000000 2.000000 831.000000 0.000000 -0.410844 0.000000 -0.911706 1.000000 1.000000 1.000000
5176.000000 2.000000 816.000000 0.000000 -0.410844 0.000000 -0.911706 1.000000 1.000000 1.000000
5121.000000 2.000000 815.000000 0.000000 -0.410844 0.000000 -0.911706 1.000000 1.000000 1.000000
5032.000000 2.000000 801.000000 0.000000 -0.410844 0.000000 -0.911706 1.000000 1.000000 1.000000
5043.000000 2.000000 866.000000 0.000000 -0.410844 0.000000 -0.911706 1.000000 1.000000 1.000000
5115.000000 2.000000 793.000000 0.000000 -0.410844 0.000000 -0.911706 1.000000 1.000000 1.000000
5045.000000 2.000000 753.000000 0.000000 -0.410844 0.000000 -0.911706 1.000000 1.000000 1.000000
5178.000000 2.000000 967.000000 0.000000 -0.410844 0.000000 -0.911706 1.000000 1.000000 1.000000
5103.000000 2.000000 963.000000 0.000000 -0.410844 0.000000 -0.911706 1.000000 1.000000 1.000000
5000.000000 2.000000 973.000000 0.000000 -0.410844 0.000000 -0.911706 1.000000 1.000000 1.000000
5189.000000 2.000000 1054.000000 0.000000 -0.410844 0.000000 -0.911706 1.000000 1.000000 1.000000
5177.000000 2.000000 1112.000000 0.000000 -0.410844 0.000000 -0.911706 1.000000 1.000000 1.000000
5382.000000 2.000000 1122.000000 0.000000 -0.410844 0.000000 -0.911706 1.000000 1.000000 1.000000
5322.000000 2.000000 1150.000000 0.000000 -0.410844 0.000000 -0.911706 1.000000 1.000000 1.000000
5225.000000 2.000000 1352.000000 0.000000 -0.410844 0.000000 -0.911706 1.000000 1.000000 1.000000
5152.000000 2.000000 1394.000000 0.000000 -0.410844 0.000000 -0.911706 1.000000 1.000000 1.000000
5086.000000 2.000000 1448.000000 0.000000 -0.410844 0.000000 -0.911706 1.000000 1.000000 1.000000
5023.000000 2.000000 1493.000000 0.000000 -0.410844 0.000000 -0.911706 1.000000 1.000000 1.000000
5010.000000 2.000000 1542.000000 0.000000 -0.410844 0.000000 -0.911706 1.000000 1.000000 1.000000
5206.000000 2.000000 1342.000000 0.000000 -0.410844 0.000000 -0.911706 1.000000 1.000000 1.000000
5125.000000 2.000000 1369.000000 0.000000 -0.410844 0.000000 -0.911706 1.000000 1.000000 1.000000
5056.000000 2.000000 1407.000000 0.000000 -0.410844 0.000000 -0.911706 1.000000 1.000000 1.000000
4977.000000 2.000000 1491.000000 0.000000 -0.410844 0.000000 -0.911706 1.000000 1.000000 1.000000
4962.000000 2.000000 1551.000000 0.000000 -0.410844 0.000000 -0.911706 1.000000 1.000000 1.000000
5055.000000 2.000000 1395.000000 0.000000 -0.410844 0.000000 -0.911706 1.000000 1.000000 1.000000
4969.000000 2.000000 1325.000000 0.000000 -0.410844 0.000000 -0.911706 1.000000 1.000000 1.000000
4968.000000 2.000000 1229.000000 0.000000 -0.410844 0.000000 -0.911706 1.000000 1.000000 1.000000
5127.000000 2.000000 1354.000000 0.000000 -0.410844 0.000000 -0.911706 1.000000 1.000000 1.000000
5065.000000 2.000000 1299.000000 0.000000 -0.410844 0.000000 -0.911706 1.000000 1.000000 1.000000
5057.000000 2.000000 1224.000000 0.000000 -0.410844 0.000000 -0.911706 1.000000 1.000000 1.000000
5344.000000 2.000000 1394.000000 0.000000 -0.410844 0.000000 -0.911706 1.000000 1.000000 1.000000
5217.000000 2.000000 1429.000000 0.000000 -0.410844 0.000000 -0.911706 1.000000 1.000000 1.000000
5477.000000 2.000000 1396.000000 0.000000 -0.410844 0.000000 -0.911706 1.000000 1.000000 1.000000
5594.000000 2.000000 1245.000000 0.000000 -0.410844 0.000000 -0.911706 1.000000 1.000000 1.000000
5582.000000 2.000000 1215.000000 0.000000 -0.410844 0.000000 -0.911706 1.000000 1.000000 1.000000
5702.000000 2.000000 1302.000000 0.000000 -0.410844 0.000000 -0.911706 1.000000 1.000000 1.000000
5682.000000 2.000000 1363.000000 0.000000 -0.410844 0.000000 -0.911706 1.000000 1.000000 1.000000
5389.000000 2.000000 1358.000000 0.000000 -0.410844 0.000000 -0.911706 1.000000 1.000000 1.000000
5332.000000 2.000000 1303.000000 0.000000 -0.410844 0.000000 -0.911706 1.000000 1.000000 1.000000
5242.000000 2.000000 1283.000000 0.000000 -0.410844 0.000000 -0.911706 1.000000 1.000000 1.000000
161.000000 2.000000 656.000000 0.000000 -0.410844 0.000000 -0.911706 1.000000 1.000000 1.000000
269.000000 2.000000 647.000000 0.000000 -0.410844 0.000000 -0.911706 1.000000 1.000000 1.000000
376.000000 2.000000 573.000000 0.000000 -0.410844 0.000000 -0.911706 1.000000 1.000000 1.000000
467.000000 2.000000 505.000000 0.000000 -0.410844 0.000000 -0.911706 1.000000 1.000000 1.000000
476.000000 2.000000 433.000000 0.000000 -0.410844 0.000000 -0.911706 1.000000 1.000000 1.000000
1150.000000 2.000000 149.000000 0.000000 -0.410844 0.000000 -0.911706 1.000000 1.000000 1.000000
1130.000000 2.000000 225.000000 0.000000 -0.410844 0.000000 -0.911706 1.000000 1.000000 1.000000
1053.000000 2.000000 303.000000 0.000000 -0.410844 0.000000 -0.911706 1.000000 1.000000 1.000000
1039.000000 2.000000 268.000000 0.000000 -0.410844 0.000000 -0.911706 1.000000 1.000000 1.000000
968.000000 2.000000 302.000000 0.000000 -0.410844 0.000000 -0.911706 1.000000 1.000000 1.000000
1144.000000 2.000000 258.000000 0.000000 -0.410844 0.000000 -0.911706 1.000000 1.000000 1.000000
1154.000000 2.000000 343.000000 0.000000 -0.410844 0.000000 -0.911706 1.000000 1.000000 1.000000
719.000000 2.000000 514.000000 0.000000 -0.410844 0.000000 -0.911706 1.000000 1.000000 1.000000
591.000000 2.000000 435.000000 0.000000 -0.410844 0.000000 -0.911706 1.000000 1.000000 1.000000
563.000000 2.000000 393.000000 0.000000 -0.410844 0.000000 -0.911706 1.000000 1.000000 1.000000
806.000000 2.000000 507.000000 0.000000 -0.410844 0.000000 -0.911706 1.000000 1.000000 1.000000
685.000000 2.000000 444.000000 0.000000 -0.410844 0.000000 -0.911706 1.000000 1.000000 1.000000
1475.000000 2.000000 291.000000 0.000000 -0.410844 0.000000 -0.911706 1.000000 1.000000 1.000000
1484.000000 2.000000 357.000000 0.000000 -0.410844 0.000000 -0.911706 1.000000 1.000000 1.000000
1530.000000 2.000000 335.000000 0.000000 -0.410844 0.000000 -0.911706 1.000000 1.000000 1.000000
1922.000000 2.000000 437.000000 0.000000 -0.410844 0.000000 -0.911706 1.000000 1.000000 1.000000
1952.000000 2.000000 387.000000 0.000000 -0.410844 0.000000 -0.911706 1.000000 1.000000 1.000000
2032.000000 2.000000 347.000000 0.000000 -0.410844 0.000000 -0.911706 1.000000 1.000000 1.000000
1939.000000 2.000000 366.000000 0.000000 -0.410844 0.000000 -0.911706 1.000000 1.000000 1.000000
1996.000000 2.000000 302.000000 0.000000 -0.410844 0.000000 -0.911706 1.000000 1.000000 1.000000
1948.000000 2.000000 460.000000 0.000000 -0.410844 0.000000 -0.911706 1.000000 1.000000 1.000000
2008.000000 2.000000 503.000000 0.000000 -0.410844 0.000000 -0.911706 1.000000 1.000000 1.000000
1814.000000 2.000000 481.000000 0.000000 -0.410844 0.000000 -0.911706 1.000000 1.000000 1.000000
1690.000000 2.000000 441.000000 0.000000 -0.410844 0.000000 -0.911706 1.000000 1.000000 1.000000
1592.000000 2.000000 409.000000 0.000000 -0.410844 0.000000 -0.911706 1.000000 1.000000 1.000000
1680.000000 2.000000 392.000000 0.000000 -0.410844 0.000000 -0.911706 1.000000 1.000000 1.000000
